6
0 215 194 141 134 311 
215 0 54 355 114 101 
194 54 0 327 71 120 
141 355 327 0 260 447 
134 114 71 260 0 191 
311 101 120 447 191 0 
