6
0 15 21 48 49 10 
15 0 9 48 55 11 
21 9 0 56 64 14 
48 48 56 0 21 55 
49 55 64 21 0 58 
10 11 14 55 58 0 
